   -1563       0
     123    -976
     917   -1059
    -919   -1151
     -28    -538
     751     740
   -1273     205
   -1219     166
    -350    1509
    -565     218
    -603    -813
     696    -141
     822    -924
   -1313    -652
    -572    -393
     369    -983
     625     625
    1192      41
    -225   -1607
     587     149
     245     585
   -1368     474
      10    1150
     533     -41
     975     259
    -383    1062
   -1151     552
     598     877
     211    -279
     968    -828
     397    1112
     -51    1203
    1563       0
     -51   -1203
     397   -1112
     968     828
     211     279
     598    -877
   -1151    -552
    -383   -1062
     975    -259
     533      41
      10   -1150
   -1368    -474
     245    -585
     587    -149
    -225    1607
    1192     -41
     625    -625
     369     983
    -572     393
   -1313     652
     822     924
     696     141
    -603     813
    -565    -218
    -350   -1509
   -1219    -166
   -1273    -205
     751    -740
     -28     538
    -919    1151
     917    1059
     123     976
